# Figure 1

kascorin: 153
orville: 42
kyvir: 60
dorothy: 56
ozman: 78


# Figure 2

kascorin: 153
[[153  45  45  57  45  45  45 135]
 [ 32  32  22  18  18  26  40  32]
 [ 30  32  32  18  16  36  40  30]
 [ 40  30  30  30  34  30  30  40]
 [ 28  28  28  56  56  28  28  28]
 [ 18  26  22  18  18  26  22  18]
 [ 16  17  21  18  16  19  21  16]
 [ 51  15  15  19  15  15  15  45]]
 
orville: 42
[[33 42 33 33 30 33 33 33 33]
 [24 24 12 20 14 14 12 36 24]
 [22 22 24 12 15 12 30 22 22]
 [22 22 22 22 11 28 22 22 22]
 [20 20 20 20 40 20 20 20 20]
 [14 14 12 20 14 14 12 20 14]
 [15 12 13 12 15 12 16 12 12]
 [33 14 11 11 10 11 11 11 33]]
 
kyvir: 60
[[48 19 19 60 45 45 45 48 16 19 57]
 [30 34 17 23 23 27 17 23 23 50 30]
 [30 30 32 16 20 20 24 19 40 30 30]
 [40 30 30 32 16 19 19 40 30 30 32]
 [30 30 30 30 30 15 30 30 30 30 30]
 [23 27 17 23 23 27 17 23 23 27 17]
 [19 19 21 16 20 20 24 19 21 16 19]
 [48 19 19 20 15 15 15 16 16 19 57]]
 
dorothy: 56
[[45 45 45 48 42 54 54 45 45]
 [44 32 16 24 24 20 16 32 32]
 [36 36 38 19 16 16 34 30 32]
 [32 36 36 30 15 30 30 32 36]
 [28 28 28 28 56 28 28 28 28]
 [24 20 16 24 24 20 16 24 24]
 [19 19 21 19 16 16 21 19 17]
 [45 15 15 16 14 18 18 15 45]]
 
ozman: 78
[[51 19 26 51 48 48 48 51 17 19 78]
 [32 36 18 22 36 20 18 22 36 36 32]
 [32 32 34 17 20 27 20 26 34 32 32]
 [34 32 32 34 17 19 26 34 32 32 34]
 [32 32 32 32 32 16 32 32 32 32 32]
 [36 20 18 22 36 20 18 22 36 20 18]
 [19 26 18 17 20 27 20 26 18 17 19]
 [51 19 26 17 16 16 16 17 17 19 78]]
